28 -1
1 0
200 -1
1 1
103 -1
29 -1
1 1
103 -1
19 -1
101 -1
1 2
102 -1
103 -1
29 -1
1 2
103 -1
1 3
200 -1
1 3
103 -1
29 -1
1 4
103 -1
1 5
200 -1
1 5
103 -1
23 -1
101 -1
1 5
403 -1
1 2
102 -1
11 -1
31 -1
1 6
103 -1
1 7
200 -1
1 7
103 -1
29 -1
1 8
103 -1
1 9
200 -1
1 4
103 -1
23 -1
101 -1
1 9
302 -1
1 9
404 -1
1 3
102 -1
11 -1
17 -1
101 -1
1 3
304 -1
1 9
402 -1
1 6
102 -1
1 7
200 -1
1 9
103 -1
1 9
200 -1
1 9
300 -1
1 10
103 -1
12 -1
17 -1
101 -1
1 7
402 -1
1 8
102 -1
11 -1
18 -1
101 -1
1 3
102 -1
103 -1
1 5
200 -1
1 5
300 -1
1 11
103 -1
12 -1
1 3
200 -1
1 3
300 -1
1 11
103 -1
12 -1
